1757511777452 0.4209810611791909 0
1757511783754 0.0010687182075344026 1
1757511790640 0.0009610192064428702 2
1757511796935 0.00019741930373129435 3
1757511803206 0.001411065342836082 4
1757511809280 0.0001373264303765609 5
1757511816219 9.660761952545727e-05 6
1757511822976 0.0004832249633182073 7
1757511829614 0.0001625612867428572 8
1757511835497 9.867076732916757e-05 9
1757511845055 4.4807793528889306e-05 10
1757511855203 4.7740577429067343e-05 11
1757511861445 4.819976174985641e-05 12
1757511867233 0.00016345278254448203 13
1757511872859 0.00011438935234764358 14
1757511777452 0.4209810611791909 0
