1757511460131 0.2224825034281821 0
1757511465520 0.00022665002961730352 1
1757511470783 3.5378039683564566e-05 2
1757511476217 6.374232543748803e-05 3
1757511482014 7.093731005625159e-05 4
1757511488686 2.6450354653206887e-05 5
1757511495194 2.3545277372249984e-05 6
1757511500436 1.2297936109462171e-05 7
1757511505635 5.122969344029116e-05 8
1757511511625 1.4886609847053478e-05 9
1757511518448 8.608024620571086e-05 10
1757511524842 1.797562578076395e-05 11
1757511530318 5.6459527968399925e-06 12
1757511534531 3.928612557047018e-06 13
1757511539035 6.186112159412005e-06 14
1757511460131 0.2224825034281821 0
